0 0.44166666666666665 0.5616666666666666 0.07666666666666666 0.3333333333333333
0 0.25166666666666665 0.5983333333333334 0.07166666666666667 0.25333333333333335
0 0.12833333333333333 0.4116666666666667 0.155 0.385
0 0.575 0.48 0.11833333333333333 0.5183333333333333
0 0.5416666666666666 0.5533333333333333 0.07166666666666667 0.35
0 0.49333333333333335 0.6233333333333333 0.045 0.19833333333333333
0 0.05333333333333334 0.4816666666666667 0.10666666666666667 0.23
0 0.6333333333333333 0.5783333333333334 0.09 0.31833333333333336
0 0.8566666666666667 0.415 0.2833333333333333 0.645
0 0.5683333333333334 0.6216666666666667 0.03833333333333333 0.20833333333333334
0 0.8416666666666667 0.5516666666666666 0.16833333333333333 0.375
0 0.7533333333333333 0.6583333333333333 0.051666666666666666 0.15
0 0.13333333333333333 0.6033333333333334 0.08833333333333333 0.24166666666666667
0 0.30833333333333335 0.6266666666666667 0.04666666666666667 0.18666666666666668
0 0.23 0.6466666666666666 0.051666666666666666 0.15333333333333332
0 0.18833333333333332 0.6583333333333333 0.04 0.13
0 0.5283333333333333 0.6516666666666666 0.02666666666666667 0.14166666666666666
0 0.19166666666666668 0.5766666666666667 0.09833333333333333 0.29833333333333334