0 0.555 0.5616666666666666 0.07666666666666666 0.3333333333333333
0 0.4216666666666667 0.48 0.11833333333333333 0.5133333333333333
0 0.45666666666666667 0.5533333333333333 0.07166666666666667 0.355
0 0.935 0.185 0.12666666666666668 0.2783333333333333
0 0.805 0.5766666666666667 0.1 0.29833333333333334
0 0.9416666666666667 0.4816666666666667 0.11333333333333333 0.23
0 0.87 0.415 0.15666666666666668 0.38666666666666666
0 0.7466666666666667 0.5983333333333334 0.07166666666666667 0.25333333333333335
0 0.245 0.6566666666666666 0.05 0.14666666666666667
0 0.42833333333333334 0.6216666666666667 0.03833333333333333 0.20833333333333334
0 0.5033333333333333 0.6216666666666667 0.043333333333333335 0.195
0 0.36333333333333334 0.5783333333333334 0.09 0.31833333333333336
0 0.86 0.6033333333333334 0.085 0.24166666666666667
0 0.47 0.6516666666666666 0.028333333333333332 0.14166666666666666
0 0.19333333333333333 0.6266666666666667 0.07833333333333334 0.215
0 0.69 0.6266666666666667 0.04666666666666667 0.19
0 0.14166666666666666 0.4116666666666667 0.2833333333333333 0.6433333333333333